0547
0559
0660
0766
0842
0856
0899
0904
0916
0923
1054
1078
1152
1155
1228
1256
1378
1391
1440
1483
1543
1564
1574
1597
1663
1677
1766
1780
1789
1810
1825
1838
1933
2003
2037
2120
2187
2203
2289
2305
2328
2378
5709
5203
5193
5191
5185
5079
5057
4898
4723
4718
4534
4460
4326
4298
4211
4198
4159
4134
4111
4110
4067
4058
4055
4051
4034
4027
4015
4002
3990
3988
3963
3945
3943
3934
3912
3905
3903
3893
3890
3885
3859
3845
3831
3814
3806
3794
3790
3783
3778
3747
3744
3735
3671
3629
3627
3617
3615
3604
3599
3594
3593
3577
3572
3557
3556
3551
3550
3532
3524
3517
3516
3507
3505
3497
3491
3488
3486
3485
3482
3461
3453
3434
3426
3424
3420
3409
3391
3389
3383
3375
3366
3359
3358
3354
3350
3348
3345
3338
3329
3321
3320
3318
3315
3302
3296
3295
3290
3287
3285
3281
3276
3275
3249
3228
3187
3185
3180
3174
3168
3160
3154
3139
3129
3119
3118
3111
3098
3070
3037
3025
3023
3000
2925
2883
2833
2787
2719
2708
2696
2622
2613
2592
2586
2551
2522
2514
2467
2428
0693
1007
1051
1084
1105
1156
1228
1423
1533
1735
1791
1803
1856
1871
1918
1924
1939
2003
2053
2120
2203
2255
2289
2318
2370
2492
2551
2571
2592
2719
2903
3028
